+-------------------------------------------------------+------+-----+------+------+------+------+------+------+------+------+-------+------+------+------+------+------+------+------+-----+------+------+-----+------+-----+
|                        Organism                       |  A   |  B  |  C   |  D   |  E   |  F   |  G   |  H   |  I   |  K   |   L   |  M   |  N   |  P   |  Q   |  R   |  S   |  T   |  U  |  V   |  W   |  X  |  Y   |  Z  |
+-------------------------------------------------------+------+-----+------+------+------+------+------+------+------+------+-------+------+------+------+------+------+------+------+-----+------+------+-----+------+-----+
|                      Danio rerio                      | 6.19 | 0.0 | 2.38 | 5.2  | 6.98 | 3.72 | 5.92 | 2.72 | 4.66 | 5.96 |  9.38 | 2.37 | 4.03 | 5.42 | 4.77 | 5.48 | 8.92 | 5.83 | 0.0 | 6.24 | 1.12 | 0.0 | 2.71 |  0  |
|                      Mus musculus                     | 6.81 | 0.0 | 2.36 | 4.75 | 6.85 | 3.81 | 6.38 | 2.63 | 4.47 | 5.65 | 10.12 | 2.22 | 3.59 | 6.08 | 4.73 | 5.49 | 8.52 | 5.47 | 0.0 | 6.12 | 1.2  | 0.0 | 2.74 | 0.0 |
|             Escherichia coli (strain K12)             | 9.51 |  0  | 1.16 | 5.15 | 5.76 | 3.89 | 7.36 | 2.27 | 6.01 | 4.41 | 10.68 | 2.83 | 3.94 | 4.43 | 4.44 | 5.52 | 5.8  | 5.39 | 0.0 | 7.07 | 1.53 | 0.0 | 2.85 |  0  |
|                Drosophila melanogaster                | 7.31 |  0  | 1.92 | 5.17 | 6.42 | 3.58 | 6.04 | 2.64 | 4.94 | 5.61 |  9.18 | 2.35 | 4.69 | 5.49 | 5.17 | 5.53 | 8.35 | 5.71 | 0.0 | 5.9  | 1.0  | 0.0 | 3.0  |  0  |
|             Bacillus subtilis (strain 168)            | 7.68 |  0  | 0.79 | 5.18 | 7.26 | 4.5  | 6.91 | 2.27 | 7.37 | 7.07 |  9.66 | 2.79 | 3.95 | 3.66 | 3.84 | 4.09 | 6.28 | 5.42 |  0  | 6.75 | 1.03 | 0.0 | 3.49 |  0  |
|                 Caenorhabditis elegans                | 6.34 |  0  | 2.07 | 5.32 | 6.54 | 4.76 | 5.36 | 2.28 | 6.2  | 6.32 |  8.63 | 2.66 | 4.87 | 4.9  | 4.09 | 5.14 | 8.08 | 5.9  | 0.0 | 6.23 | 1.11 |  0  | 3.21 |  0  |
| Saccharomyces cerevisiae (strain ATCC 204508 / S288c) | 5.49 |  0  | 1.27 | 5.84 | 6.52 | 4.44 | 4.97 | 2.17 | 6.56 | 7.34 |  9.51 | 2.09 | 6.16 | 4.38 | 3.95 | 4.44 | 8.99 | 5.91 |  0  | 5.56 | 1.04 |  0  | 3.39 |  0  |
|                      Homo sapiens                     | 7.01 |  0  | 2.3  | 4.73 | 7.1  | 3.65 | 6.57 | 2.63 | 4.33 | 5.72 |  9.96 | 2.13 | 3.58 | 6.32 | 4.76 | 5.64 | 8.35 | 5.38 | 0.0 | 5.96 | 1.21 | 0.0 | 2.66 |  0  |
|                  Arabidopsis thaliana                 | 6.29 |  0  | 1.87 | 5.39 | 6.71 | 4.3  | 6.4  | 2.27 | 5.34 | 6.38 |  9.54 | 2.47 | 4.4  | 4.81 | 3.46 | 5.39 | 9.1  | 5.1  |  0  | 6.68 | 1.25 | 0.0 | 2.84 |  0  |
+-------------------------------------------------------+------+-----+------+------+------+------+------+------+------+------+-------+------+------+------+------+------+------+------+-----+------+------+-----+------+-----+